0:9.20615
[   3    1 1299    6  375    8    1    1    6   20    2  608   38  192  106
 1551   47 4455   48  373    1    2  276 2702   68   40    1   18   41 6271
    5    4    0    0    0    0    0    0    0    0]
[  7.43119745e-06   4.81608731e-06   1.11177578e-05   1.06052248e-05
   7.70366023e-06   1.30361441e-05   1.37157112e-05   1.28563988e-05
   1.37786119e-05   8.98593134e-06   7.16474460e-06   1.11144400e-05
   8.82260065e-06   5.26134681e-06   7.26065628e-06   1.00758189e-05
   1.17384261e-05   1.63545919e-05   1.22239944e-05   1.19048709e-05
   8.50851211e-06   1.39808762e-05   7.16662908e-06   1.34808797e-05
   7.45683064e-06   8.22965376e-06   8.29150667e-06   1.10990295e-05
   1.23311474e-05   8.16290412e-06   1.08633321e-05   1.17156087e-05
   1.03810380e-05   8.61859007e-06   1.22415586e-05   8.21727735e-06
   8.35266110e-06   8.35266110e-06   8.35266110e-06]
10:8.97815
[   3  618  167 7421  167   51   17    1    1    1 2833   16 4748    7 3096
    2  440    8 1929    1    7   49 2447    8    1    5    4    0    0    0
    0    0    0    0    0    0    0    0    0    0]
[  9.07557114e-06   6.78098877e-06   1.26037776e-05   1.38957330e-05
   8.06719618e-06   9.23770131e-06   1.08195527e-05   9.91583511e-06
   7.71821942e-06   1.57910763e-05   1.29573746e-05   1.60345517e-05
   1.51155473e-05   9.92476998e-06   1.06884836e-05   9.90428089e-06
   4.42105375e-06   2.29137804e-05   7.16316572e-06   9.79779725e-06
   1.57238974e-05   1.87556652e-05   0.00000000e+00   2.87438888e-06
   6.25766552e-06   0.00000000e+00   3.29175964e-06   0.00000000e+00
   0.00000000e+00   0.00000000e+00   0.00000000e+00   0.00000000e+00
   0.00000000e+00   0.00000000e+00   0.00000000e+00   0.00000000e+00
   0.00000000e+00   0.00000000e+00   0.00000000e+00]
20:7.98311
[   3 5284   64  518 1140    2  239    7 7468   68 1977    9 3111  456 3008
    6   10   96   98    6  493   78    4    0    0    0    0    0    0    0
    0    0    0    0    0    0    0    0    0    0]
[  1.58276671e-05   8.92688695e-06   3.09234165e-05   3.01161126e-05
   4.25907638e-06   2.05001706e-05   9.95289156e-06   2.49744044e-05
   1.09566317e-05   3.68327601e-05   1.97920817e-05   4.04262391e-05
   1.14508148e-05   1.48923500e-05   1.56712995e-05   1.18832977e-05
   2.70851815e-05   2.07165212e-05   9.58592864e-07   4.65436533e-05
   1.55332600e-05   1.52261200e-05   0.00000000e+00   0.00000000e+00
   0.00000000e+00   0.00000000e+00   0.00000000e+00   0.00000000e+00
   0.00000000e+00   0.00000000e+00   0.00000000e+00   0.00000000e+00
   0.00000000e+00   0.00000000e+00   0.00000000e+00   0.00000000e+00
   0.00000000e+00   0.00000000e+00   0.00000000e+00]
30:6.03341
[   3    1    6   53 2646   24    9  260 3343   21    2 3883   10 2455 1304
   22    2  204    8  300    6 6744 1037    2  260 3202    8    1 1643    5
    4    0    0    0    0    0    0    0    0    0]
[  2.09027785e-05   1.19707023e-04   2.85807822e-04   3.53921496e-04
   2.38910987e-04   1.44111415e-04   1.78086309e-04   8.49627322e-05
   3.40591505e-05   4.24245372e-05   1.47160215e-04   2.84868293e-05
   2.02482755e-04   2.01454677e-04   1.09878383e-04   7.52953638e-05
   1.78526243e-04   3.65126034e-05   1.37013267e-04   5.33860002e-05
   2.90309894e-04   1.01419166e-04   1.71862630e-05   7.99430563e-05
   1.16217998e-04   1.88586855e-05   4.94625274e-05   3.36799392e-04
   2.98571977e-05   8.62501911e-05   0.00000000e+00   0.00000000e+00
   0.00000000e+00   0.00000000e+00   0.00000000e+00   0.00000000e+00
   0.00000000e+00   0.00000000e+00   0.00000000e+00]
40:3.26155
[   3   71 1236   20   57   12   80 2075   21   44  707    6 2468 4580 1793
   19 2295   26    9 4570  999   11    1    5    4    0    0    0    0    0
    0    0    0    0    0    0    0    0    0    0]
[  2.02645082e-04   4.46263119e-04   4.06456064e-04   2.00982997e-03
   5.56937302e-04   6.14358694e-04   6.03045104e-04   4.08523920e-04
   4.47622762e-04   3.52315401e-04   2.26544798e-05   5.01065981e-04
   3.99519922e-04   2.68720381e-04   2.90916127e-04   6.53035415e-04
   1.09509565e-04   1.87183643e-04   1.01625093e-03   6.00117375e-04
   2.46547919e-04   6.60544320e-04   1.86790200e-03   1.39842450e-03
   0.00000000e+00   0.00000000e+00   0.00000000e+00   0.00000000e+00
   0.00000000e+00   0.00000000e+00   0.00000000e+00   0.00000000e+00
   0.00000000e+00   0.00000000e+00   0.00000000e+00   0.00000000e+00
   0.00000000e+00   0.00000000e+00   0.00000000e+00]
