0:9.17283
[   3  530    6   85   16  319   50    2  899  529 1228    1 1438   83  345
    7  315   21  894    1    5    4    0    0    0    0    0    0    0    0
    0    0    0    0    0    0    0    0    0    0]
[  8.36509571e-06   6.41346560e-06   7.37400842e-06   8.82492895e-06
   1.20673722e-05   1.15981238e-05   1.14804207e-05   1.20555997e-05
   4.56186535e-06   1.84512464e-06   1.45019148e-05   1.28184256e-05
   1.27842723e-05   1.32538771e-05   7.05398270e-06   9.74718569e-06
   1.05782019e-05   1.66326354e-05   1.04838982e-05   1.32333516e-05
   1.16710653e-05   1.49412372e-05   7.59633986e-06   5.35370054e-06
   7.07869913e-06   2.87069270e-06   2.49416189e-06   2.49416189e-06
   2.49416189e-06   2.49416189e-06   2.49416189e-06   2.49416189e-06
   2.49416189e-06   2.49416189e-06   2.49416189e-06   2.49416189e-06
   2.49416189e-06   2.49416189e-06   2.49416189e-06]
